p 233 197 123 170 24 154 255 38 222 24 e0
p 157 87 55 157 24 203 212 235 66 24 e1
p 219 224 84 161 24 41 248 71 83 24   e0
p 181 168 117 79 24 111 183 216 186 24   e4
p 178 159 81 1 24 14 63 143 36 24   e0
p 154 255 38 222 24 233 197 123 170 24 e0
p 203 212 235 66 24 157 87 55 157 24 e1
p 41 248 71 83 24 219 224 84 161 24  e0
p 181 168 117 77 24 111 183 216 77 24   e4
p 178 159 81 1 24 14 63 143 33 24   e0
p 74 212 50 85 24 169 38 48 193 24   e2
p 109 255 120 174 24 154 225 214 198 24   e0
p 252 248 23 178 24 107 78 109 235 24   e0
p 78 62 21 205 24 94 43 54 238 24   e5
p 173 114 13 173 24 230 156 71 14 24   e0
p 214 217 174 197 24 43 170 8 144 24   e1
p 124 221 60 202 24 138 190 183 62 24   e0
p 198 140 14 57 24 19 42 229 227 24   e0
p 204 23 15 206 16 9 160 247 208 24   e2
p 30 84 62 14 24 101 185 165 90 24   fa0
p 62 61 46 191 24 83 111 126 89 24   e0
p 233 197 123 170 24 154 255 38 222 24 fa1
p 157 87 55 157 24 203 212 235 66 24 e0
p 219 224 84 161 24 41 248 71 83 24   e0
p 181 168 117 79 24 111 183 216 186 24   e0
p 178 159 81 1 24 14 63 143 36 24   e1
p 74 212 50 85 24 169 38 48 193 24   e0
p 109 255 120 174 24 154 225 214 198 24   e0
p 252 248 23 178 24 107 78 109 235 24   e0
d 78 62 21 205 24 94 43 54 238 24   abcd
d 173 114 13 173 24 230 156 71 14 24   aaaaa
d 214 217 174 197 24 43 170 8 144 24   123234
d 124 221 60 202 24 138 190 183 62 24   bfasdfa
d 198 140 14 57 24 19 42 229 227 24   asdgsdfgadsfg
p 204 23 15 206 24 9 160 247 208 24   e5
p 30 84 62 14 24 101 185 165 90 24   e0
p 62 61 46 191 24 83 111 126 89 24   e0
p 33 111 134 106 24 180 163 98 171 24   e6
d 177 172 129 224 24 154 153 7 175 24   asdfasdfsdaf
d 78 90 111 178 24 207 119 117 203 24  asdfasdfasdfsda
d 72 2 51 184 24 79 202 138 231 24   asdf
d 103 209 195 139 24 201 0 118 239 24   e231452345
d 100 26 171 10 24 34 239 64 85 24   esfcnrhgvsrthj
d 109 210 139 217 16 242 76 63 140 24   3q4wt54h
p 164 18 148 221 24 4 53 162 142 24   e0
p 160 153 14 194 24 218 168 233 87 24   e0
p 5 71 213 117 24 40 9 106 103 24   e0
p 131 163 216 170 24 84 161 205 68 24   e8
p 90 87 153 87 24 252 25 144 246 24   e9
p 213 175 175 55 24 112 3 131 138 24   e4
d 80 29 71 73 24 52 81 77 144 24   e0
d 153 183 159 78 24 127 220 229 156 24   e0
d 112 183 137 78 24 191 223 26 200 24   e3
p 14 251 238 20 24 18 121 12 49 24   e0
p 155 131 72 173 24 206 46 176 118 24   e0
d 14 251 238 20 24 18 121 12 49 24  asdfasdf
d 155 131 72 173 24 206 46 176 118 24   sadfgshghtr
d 181 245 39 237 24 251 103 80 60 24   563rudg
d 240 28 174 233 24 211 237 9 172 24   slkjnhvd;ojhns;
p 81 100 19 126 24 73 114 75 243 24   f0
p 210 96 34 201 24 127 8 92 193 24   x0
p 226 69 186 173 24 78 168 214 203 24   es00
p 225 109 78 81 24 194 173 36 73 24   e10
p 168 213 101 159 24 156 86 9 121 24   e10
p 255 158 27 198 24 206 72 26 26 24   e20
p 225 109 78 81 24 194 173 36 73 24   e10
p 168 213 101 159 24 156 86 9 121 24   e10
p 255 158 27 198 24 206 72 26 26 24   e20
d 225 109 78 81 24 194 173 36 73 24   e10
d 168 213 101 159 24 156 86 9 121 24   e10
d 255 158 27 198 24 206 72 26 26 24   e20